[[3.088745, 5.116682, 4.660414, 1.000000],\
[4.369200, 7.398475, 6.876945, 1.000000],\
[0.539903, 6.848681, 2.455548, 1.000000],\
[9.808044, 8.175441, 1.048840, 1.000000],\
[3.433558, 5.510738, 7.682606, 1.000000],\
[9.653828, 5.688054, 2.347617, 1.000000],\
[4.073592, 3.378070, 2.412444, 1.000000],\
[5.080795, 7.041563, 0.872745, 1.000000],\
[6.829687, 0.610833, 2.884739, 1.000000],\
[1.777214, 1.908768, 8.587959, 1.000000],\
[7.480713, 0.243457, 1.442902, 1.000000],\
[3.796658, 7.862816, 7.252729, 1.000000],\
[2.263831, 6.160919, 7.872041, 1.000000],\
[4.065092, 7.036457, 0.957071, 1.000000],\
[4.349494, 9.579039, 6.245893, 1.000000],\
[9.307134, 6.930191, 2.992184, 1.000000],\
[7.863257, 7.451113, 5.863352, 1.000000],\
[6.825248, 2.465977, 6.785700, 1.000000],\
[7.551886, 7.677976, 5.501779, 1.000000],\
[2.318690, 3.323841, 9.902350, 1.000000],\
]