9000    0.00196368
2289.47 0.00950183
1562.67 0.03023
1544.29 0.117791
1541.78 0.158419
1539.92 0.130412
1508.15 0.0447799
1475.73 0.336444
1473.26 0.475316
1471.74 0.406121
1420.23 0.0489167
1367.9  0.280527
1365.62 0.420792
1363.85 0.312196
1314.11 0.0419413
1264.17 0.232264
1262.31 0.332098
1260.77 0.251017
1229.72 0.0459933
1155.56 0.0551555
1109.92 0.585235
1108.52 0.867822
1107.26 0.613887
1102.55 0.141183
1091.48 0.205589
1083.95 2.03339
1083.82 2.07347
1083.7  2.03145
1083.33 1.62591
1067.83 0.0989953
1022.56 0.471137
992.424 7.04359
992.326 7.05774
992.228 7.05042
986.149 2.75641
980.072 7.21158
979.976 7.20515
979.88  7.22091
973.779 1.59345
959.684 0.525437
951.505 1.64371
951.324 1.66025
951.143 1.63803
944.276 0.773219
937.471 2.70648
927.099 0.901057
916.758 7.22554
916.562 7.84313
916.338 8.21024
916.254 8.23753
916.17  8.19499
910.409 1.84299
904.636 5.24449
904.541 5.46716
904.445 5.20569
899.87  1.03179
895.309 3.56087
895.228 3.60354
895.148 3.57933
894.149 2.23253
893.15  2.70427
893.07  2.72474
892.99  2.65242
889.731 0.966744
886.263 1.2938
884.047 7.10142
882.029 9.69284
881.938 9.2791
881.86  9.67607
861.426 1.52903
840.996 6.07838
840.925 6.29809
840.854 6.13176
837.801 1.88472
834.748 8.18573
834.678 8.28006
834.608 8.18637
831.394 2.36093
828.134 5.90172
828.02  6.01983
827.906 6.00111
827.29  5.46901
826.72  6.02403
826.651 6.02643
826.583 5.87849
824.904 7.7449
823.226 11.7818
823.158 11.5597
823.09  11.8164
821.897 8.93254
820.704 7.14987
820.636 7.35551
820.569 7.12254
804.687 0.591442
788.809 3.50954
788.747 3.60987
788.685 3.54902
776.468 0.431977
764.253 4.90645
764.195 5.04885
764.137 4.83178
752.054 0.446421
726.046 0.415103
696.023 0.456388
649.963 0.513273
609.981 0.579847
585.009 0.615478
555.036 0.627355
525.042 0.639567
495.377 0.867366
477.082 1.06523
473.418 3.68688
471.697 1.03282
468.568 2.23658
467.122 5.12027
464.775 2.2633
462.424 3.47802
456.259 1.02272
450.099 4.14511
440.035 0.653522
394.999 0.697277
325.008 0.522096
270     0.390944
232.143 0.286123
200.893 0.2606
171.03  0.573365
152.242 2.16625
149.183 3.00066
148.295 1.854
147.893 0.713624
147.529 0.0702137
147.276 1.74584e-05
147.095 1.62524e-06
147.044 1.61328e-06
147.026 1.60903e-06
146.998 1.60225e-06
146.961 1.59365e-06
146.925 1.58526e-06
146.893 1.57791e-06
146.872 1.57292e-06
146.836 1.56464e-06
146.685 2.42621e-06
146.449 0.0318521
146.163 0.407372
145.773 1.34547
144.861 2.43923
142.141 1.42381
137.764 0.489312
133.914 0.514853
131.57  1.00903
130.577 0.95022
130.152 0.23518
129.77  0.00024547
129.639 8.59256e-08
129.591 8.51371e-08
129.573 8.48376e-08
129.569 8.47686e-08
129.566 8.47226e-08
129.559 8.46078e-08
129.552 8.44932e-08
129.549 8.44474e-08
129.545 8.43787e-08
129.529 8.41274e-08
129.482 8.33554e-08
129.379 2.28337e-06
129.033 0.119769
128.618 0.790169
127.651 0.839554
126.315 0.77022
125.676 0.9784
125.361 0.592941
125.125 0.0108493
125.055 3.41412e-08
125.031 3.39672e-08
125.021 3.3893e-08
125.008 3.38006e-08
124.984 3.37707e-08
124.917 0.00921059
124.683 0.564621
124.373 0.900742
121.962 0.341485
119.601 0.655473
119.385 0.278539
119.231 1.74146e-06
119.209 9.39192e-09
119.203 9.37899e-09
119.2   9.37124e-09
119.196 9.3635e-09
119.19  9.35112e-09
119.169 0.000439258
119.1   0.154136
118.89  0.618156
109.366 0.000735969