9000    0.00203641
2289.47 0.0100032
1562.67 0.0318404
1544.29 0.123145
1541.78 0.163892
1539.92 0.136106
1508.15 0.0471546
1475.73 0.348671
1473.26 0.486691
1471.74 0.419058
1420.23 0.0515074
1367.9  0.292331
1365.62 0.433241
1363.85 0.324906
1314.11 0.0441771
1264.17 0.24288
1262.31 0.343625
1260.77 0.262276
1229.72 0.0484346
1155.56 0.0580738
1109.92 0.609754
1108.52 0.894129
1107.26 0.639206
1102.55 0.148765
1091.48 0.215562
1083.95 2.07071
1083.82 2.11003
1083.7  2.06884
1083.33 1.66689
1067.83 0.104158
1022.56 0.492021
992.424 7.07251
992.326 7.0871
992.228 7.07942
986.149 2.80473
980.072 7.24145
979.976 7.24019
979.88  7.25131
973.779 1.6422
959.684 0.549717
951.505 1.68452
951.324 1.7002
951.143 1.67898
944.276 0.80621
937.471 2.75165
927.099 0.937637
916.758 7.26303
916.562 7.87643
916.338 8.2418
916.254 8.26904
916.17  8.22662
910.409 1.8993
904.636 5.27972
904.541 5.49112
904.445 5.24208
899.87  1.07225
895.309 3.61313
895.228 3.65427
895.148 3.63131
894.149 2.29528
893.15  2.76377
893.07  2.78338
892.99  2.71233
889.731 1.00564
886.263 1.33832
884.047 7.13713
882.029 9.73949
881.938 9.35568
881.86  9.72345
861.426 1.58491
840.996 6.1236
840.925 6.33336
840.854 6.17534
837.801 1.94908
834.748 8.22524
834.678 8.31748
834.608 8.22633
831.394 2.43394
828.134 5.94711
828.02  6.06021
827.906 6.04462
827.29  5.54032
826.72  6.08248
826.651 6.08284
826.583 5.93674
824.904 7.79421
823.226 11.8412
823.158 11.6433
823.09  11.8732
821.897 8.97506
820.704 7.18284
820.636 7.37972
820.569 7.15555
804.687 0.621349
788.809 3.60038
788.747 3.69936
788.685 3.63955
776.468 0.455114
764.253 4.9964
764.195 5.13416
764.137 4.92423
752.054 0.46969
726.046 0.435602
696.023 0.479031
649.963 0.540049
609.981 0.60944
585.009 0.646872
555.036 0.65941
525.042 0.672324
495.377 0.910978
477.082 1.11868
473.418 3.83084
471.697 1.08502
468.568 2.33999
467.122 5.27634
464.775 2.36808
462.424 3.59852
456.259 1.07393
450.099 4.29417
440.035 0.687195
394.999 0.733143
325.008 0.548733
270     0.410349
232.143 0.300082
200.893 0.272987
171.03  0.596903
152.242 2.1764
149.183 2.94705
148.295 1.78191
147.893 0.654892
147.529 0.0564834
147.276 6.89929e-06
147.095 1.78037e-08
147.044 1.76452e-08
147.026 1.7589e-08
146.998 1.74994e-08
146.961 1.73858e-08
146.925 1.72751e-08
146.893 1.71783e-08
146.872 1.71126e-08
146.836 1.70036e-08
146.685 3.5192e-07
146.449 0.0243587
146.163 0.364414
145.773 1.28071
144.861 2.39424
142.141 1.42921
137.764 0.501869
133.914 0.524418
131.57  1.00156
130.577 0.928415
130.152 0.216637
129.77  8.03549e-05
129.639 5.12272e-10
129.591 5.06616e-10
129.573 5.0447e-10
129.569 5.03976e-10
129.566 5.03647e-10
129.559 5.02826e-10
129.552 5.02005e-10
129.549 5.01678e-10
129.545 5.01187e-10
129.529 4.9939e-10
129.482 4.93876e-10
129.379 9.61526e-07
129.033 0.107847
128.618 0.769768
127.651 0.831657
126.315 0.767881
125.676 0.967645
125.361 0.56928
125.125 0.00736557
125.055 1.71765e-10
125.031 1.67647e-10
125.021 1.67207e-10
125.008 1.66659e-10
124.984 2.05823e-10
124.917 0.00608712
124.683 0.541661
124.373 0.891716
121.962 0.346469
119.601 0.652129
119.385 0.266569
119.231 5.59122e-07
119.209 3.57564e-11
119.203 3.56973e-11
119.2   3.56618e-11
119.196 3.56265e-11
119.19  3.59486e-11
119.169 0.000222071
119.1   0.143173
118.89  0.6129
109.366 0.00106545