0.1	2.18E+01	9000	1.82E-03
0.19	1.27E+01	2289.5	8.93E-03
0.194	8.83E-01	1562.7	2.71E-02
0.19453	4.47E-01	1544.3	1.06E-01
0.19463	1.39E-01	1541.8	1.75E-01
0.195	3.54E-01	1539.9	1.21E-01
0.203	2.36E+00	1508.1	3.89E-02
0.20358	1.21E+00	1475.7	2.87E-01
0.20368	3.54E-01	1473.3	4.89E-01
0.204	8.46E-01	1471.7	3.66E-01
0.219	4.38E+00	1420.2	4.34E-02
0.21963	9.47E-01	1367.9	2.41E-01
0.21973	2.73E-01	1365.6	4.39E-01
0.2202	7.85E-01	1363.9	2.70E-01
0.237	3.75E+00	1314.1	3.88E-02
0.23762	6.77E-01	1264.2	2.05E-01
0.2377	1.50E-01	1262.3	3.53E-01
0.2382	5.92E-01	1260.8	2.23E-01
0.25	2.59E+00	1229.7	4.35E-02
0.27	4.71E+00	1155.6	5.30E-02
0.27058	1.16E+00	1109.9	4.88E-01
0.27068	3.59E-01	1108.5	8.76E-01
0.2712	1.09E+00	1107.3	5.15E-01
0.273	8.38E-01	1102.5	1.15E-01
0.27674	2.90E+00	1091.5	1.96E-01
0.27679	3.75E-01	1084	1.91E+00
0.27681	1.54E-01	1083.8	1.97E+00
0.27685	2.99E-01	1083.7	1.91E+00
0.277	8.30E-01	1083.3	1.41E+00
0.285	2.85E+00	1067.8	9.36E-02
0.30227	2.67E+01	1022.6	4.44E-01
0.30231	9.03E-01	992.4	6.88E+00
0.30233	4.53E-01	992.3	6.90E+00
0.30237	9.04E-01	992.2	6.89E+00
0.30608	3.11E+01	986.1	2.58E+00
0.30612	9.04E-01	980.1	7.06E+00
0.30614	4.52E-01	980	7.06E+00
0.30618	9.05E-01	979.9	7.07E+00
0.31	1.74E+01	973.8	1.44E+00
0.31525	7.60E+00	959.7	4.71E-01
0.31533	4.28E-01	951.5	1.77E+00
0.31537	2.17E-01	951.3	1.80E+00
0.31545	4.26E-01	951.1	1.77E+00
0.31999	9.45E+00	944.3	7.00E-01
0.32003	3.40E-01	937.5	2.90E+00
0.32723	1.77E+01	927.1	8.60E-01
0.32725	3.77E-01	916.8	6.73E+00
0.32737	2.53E+00	916.6	7.52E+00
0.32741	8.97E-01	916.3	8.01E+00
0.32743	4.50E-01	916.3	8.05E+00
0.32747	8.94E-01	916.2	7.99E+00
0.3316	1.99E+01	910.4	1.74E+00
0.33165	7.34E-01	904.6	5.38E+00
0.33167	3.15E-01	904.5	5.77E+00
0.33172	7.26E-01	904.4	5.32E+00
0.33506	9.13E+00	899.9	1.01E+00
0.3351	3.99E-01	895.3	3.73E+00
0.33512	2.04E-01	895.2	3.81E+00
0.33516	4.02E-01	895.1	3.76E+00
0.33587	3.94E+00	894.1	2.08E+00
0.33591	2.92E-01	893.1	2.74E+00
0.33593	1.49E-01	893.1	2.80E+00
0.33597	2.84E-01	893	2.68E+00
0.3384	6.24E+00	889.7	9.74E-01
0.3386	7.55E-01	886.3	1.44E+00
0.3401	2.59E+01	884	6.63E+00
0.34015	1.24E+00	882	9.59E+00
0.34017	4.81E-01	881.9	9.28E+00
0.34021	9.93E-01	881.9	9.58E+00
0.3567	5.81E+01	861.4	1.42E+00
0.35674	5.92E-01	841	6.28E+00
0.35676	3.13E-01	840.9	6.63E+00
0.3568	6.00E-01	840.9	6.36E+00
0.35937	1.07E+01	837.8	1.78E+00
0.35941	7.42E-01	834.7	7.98E+00
0.35943	3.78E-01	834.7	8.13E+00
0.35947	7.40E-01	834.6	7.97E+00
0.36222	1.39E+01	831.4	2.20E+00
0.3623	1.16E+00	828.1	6.32E+00
0.36232	2.99E-01	828	6.55E+00
0.3624	1.18E+00	827.9	6.45E+00
0.36286	5.40E+00	827.3	5.15E+00
0.3629	5.46E-01	826.7	5.99E+00
0.36292	2.77E-01	826.7	6.07E+00
0.36296	5.38E-01	826.6	5.91E+00
0.3644	2.37E+01	824.9	7.25E+00
0.36444	1.05E+00	823.2	1.16E+01
0.36446	5.16E-01	823.2	1.14E+01
0.3645	1.05E+00	823.1	1.16E+01
0.36552	1.92E+01	821.9	8.35E+00
0.36556	6.80E-01	820.7	7.57E+00
0.36558	3.59E-01	820.6	7.99E+00
0.36562	6.79E-01	820.6	7.56E+00
0.3803	1.58E+01	804.7	4.97E-01
0.38034	2.70E-01	788.8	3.25E+00
0.38036	1.41E-01	788.7	3.41E+00
0.3804	2.74E-01	788.7	3.31E+00
0.39252	8.40E+00	776.5	3.45E-01
0.39256	3.81E-01	764.3	4.90E+00
0.39258	2.01E-01	764.2	5.16E+00
0.39262	3.70E-01	764.1	4.75E+00
0.4054	9.38E+00	752.1	3.90E-01
0.4213	1.17E+01	726	4.19E-01
0.4412	1.47E+01	696	4.57E-01
0.4839	2.79E+01	650	4.65E-01
0.5	1.10E+01	610	5.49E-01
0.5263	1.76E+01	585	5.86E-01
0.5555	1.81E+01	555	6.03E-01
0.5882	1.86E+01	525	6.19E-01
0.62406	2.47E+01	495.4	8.42E-01
0.63366	7.38E+00	477.1	1.01E+00
0.63372	1.65E-01	473.4	3.68E+00
0.6383	3.36E+00	471.7	9.88E-01
0.64221	5.96E+00	468.6	2.08E+00
0.64225	1.65E-01	467.1	5.66E+00
0.64873	9.81E+00	464.8	2.10E+00
0.64878	1.41E-01	462.4	3.95E+00
0.6665	1.22E+01	456.3	9.94E-01
0.66654	1.19E-01	450.1	4.39E+00
0.6977	1.30E+01	440	6.44E-01
0.8333	4.84E+01	395	6.91E-01
1.2	5.09E+01	305	4.63E-01
1.4	1.17E+01	232.1	3.26E-01
1.6	8.08E+00	200.9	3.02E-01
1.941	2.13E+01	171	6.47E-01
2.001	1.10E+01	152.2	2.38E+00
2.021	4.12E+00	149.2	2.78E+00
2.025	4.14E-01	148.3	1.41E+00
2.032	1.91E-01	147.9	3.74E-01
2.035	2.27E-03	147.5	1.04E-02
2.039	0.00E+00	147.3	0.00E+00
2.04	1.03E-05	147.1	1.43E-04
2.0404	2.41E-06	147	8.37E-05
2.0405	3.96E-07	147	5.49E-05
2.0412	4.55E-07	147	9.02E-06
2.04152	6.23E-09	147	2.70E-07
2.0422	4.40E-07	146.9	8.98E-06
2.0424	8.35E-07	146.9	5.80E-05
2.0428	2.70E-06	146.9	9.39E-05
2.0434	5.96E-06	146.8	1.38E-04
2.047	0.00E+00	146.7	0.00E+00
2.05	5.70E-04	146.4	2.66E-03
2.055	6.06E-02	146.2	1.70E-01
2.061	4.05E-01	145.8	9.52E-01
2.081	3.13E+00	144.9	2.24E+00
2.141	6.31E+00	142.1	1.56E+00
2.21555	2.63E+00	137.8	5.58E-01
2.2655	1.76E+00	133.9	5.88E-01
2.295	1.81E+00	131.6	1.06E+00
2.3	2.34E-01	130.6	8.22E-01
2.31	6.50E-02	130.2	1.15E-01
2.31355	3.28E-04	129.8	1.65E-03
2.3147	3.01E-06	129.6	4.68E-05
2.31525	3.01E-07	129.6	9.77E-06
2.31535	1.29E-08	129.6	2.30E-06
2.3154	3.22E-09	129.6	1.15E-06
2.31545	1.61E-09	129.6	5.77E-07
2.31565	1.20E-09	129.6	1.07E-07
2.3157	1.75E-09	129.6	6.25E-07
2.31575	3.38E-09	129.5	1.21E-06
2.31585	1.34E-08	129.5	2.40E-06
2.3163	2.20E-07	129.5	8.76E-06
2.31755	3.08E-06	129.5	4.40E-05
2.32	0.00E+00	129.4	0.00E+00
2.33	2.45E-02	129	4.41E-02
2.335	1.82E-01	128.6	6.62E-01
2.3655	1.44E+00	127.7	8.70E-01
2.3846	8.25E-01	126.3	8.12E-01
2.3896	2.54E-01	125.7	9.66E-01
2.3966	1.81E-01	125.4	4.95E-01
2.3986	9.98E-05	125.1	9.56E-04
2.3993	1.26E-06	125.1	3.46E-05
2.3995	7.94E-08	125	7.62E-06
2.3997	1.39E-09	125	1.33E-07
2.4	1.01E-07	125	6.45E-06
2.4006	9.16E-07	125	2.93E-05
2.4026	7.12E-05	124.9	6.84E-04
2.4096	1.71E-01	124.7	4.71E-01
2.4146	2.31E-01	124.4	8.96E-01
2.5067	1.67E+00	122	3.65E-01
2.51	1.05E-01	119.6	6.67E-01
2.51578	6.14E-02	119.4	2.24E-01
2.51648	0.00E+00	119.2	0.00E+00
2.51668	8.06E-09	119.2	8.50E-07
2.51673	7.57E-11	119.2	3.20E-08
2.51683	3.62E-09	119.2	7.64E-07
2.51688	2.01E-08	119.2	8.50E-06
2.51708	1.92E-07	119.2	2.03E-05
2.51778	0.00E+00	119.2	0.00E+00
2.52	1.07E-02	119.1	1.01E-01
2.5267	1.92E-01	118.9	6.07E-01
3	5.70E-03	109.4	3.04E-04
