51
0.000E+0000      8.526E+0003       
  7.174E-0002       8.526E+0003        
  1.421E-0001       8.525E+0003        
  2.099E-0001       8.523E+0003        
  2.742E-0001       8.521E+0003        
  3.343E-0001       8.519E+0003        
  3.899E-0001       8.516E+0003        
  4.409E-0001       8.513E+0003        
  4.874E-0001       8.510E+0003        
  5.297E-0001       8.506E+0003        
  5.680E-0001       8.502E+0003        
  6.028E-0001       8.497E+0003        
  6.343E-0001       8.492E+0003        
  6.628E-0001       8.486E+0003        
  6.888E-0001       8.479E+0003        
  7.124E-0001       8.470E+0003        
  7.340E-0001       8.460E+0003        
  7.537E-0001       8.447E+0003        
  7.718E-0001       8.431E+0003        
  7.884E-0001       8.412E+0003        
  8.037E-0001       8.388E+0003        
  8.179E-0001       8.358E+0003        
  8.310E-0001       8.321E+0003        
  8.431E-0001       8.277E+0003        
  8.544E-0001       8.224E+0003        
  8.649E-0001       8.160E+0003        
  8.747E-0001       8.086E+0003        
  8.839E-0001       7.999E+0003        
  8.925E-0001       7.898E+0003        
  9.006E-0001       7.782E+0003        
  9.082E-0001       7.650E+0003        
  9.154E-0001       7.499E+0003        
  9.221E-0001       7.327E+0003        
  9.285E-0001       7.131E+0003        
  9.346E-0001       6.910E+0003        
  9.403E-0001       6.671E+0003        
  9.457E-0001       6.422E+0003        
  9.509E-0001       6.162E+0003        
  9.558E-0001       5.894E+0003        
  9.604E-0001       5.616E+0003        
  9.649E-0001       5.329E+0003        
  9.691E-0001       5.033E+0003        
  9.732E-0001       4.728E+0003        
  9.770E-0001       4.422E+0003        
  9.807E-0001       4.111E+0003        
  9.843E-0001       3.796E+0003        
  9.877E-0001       3.472E+0003        
  9.910E-0001       3.137E+0003        
  9.941E-0001       2.786E+0003        
  9.971E-0001       2.411E+0003        
  1.000E+0000       2.000E+0003       
